-1.724440097808838 4.575956609187415e-06 0.0
-1.729177713394165 0.030271567404270172 0.0
-1.723026156425476 0.060341667383909225 0.0
-1.7325032949447632 0.09105456620454788 0.0
-1.7303617000579834 0.12134134024381638 0.0
-1.726843237876892 0.1515066772699356 0.0
-1.725618600845337 0.18188323080539703 0.0
-1.7218310832977295 0.21201355755329132 0.0
-1.7257297039031982 0.24322444200515747 0.0
-1.7310097217559814 0.2749459147453308 0.0
-1.7284116744995117 0.30563655495643616 0.0
-1.7334905862808228 0.3379230797290802 0.0
-1.7231892347335815 0.36733049154281616 0.0
-1.7322741746902466 0.401084840297699 0.0
-1.7264447212219238 0.4317038357257843 0.0
-1.730781078338623 0.46511897444725037 0.0
-1.725590467453003 0.4962625801563263 0.0
-1.7325092554092407 0.5312519073486328 0.0
-1.7287068367004395 0.5633684396743774 0.0
-1.7286020517349243 0.5969966053962708 0.0
-1.7234883308410645 0.6292015314102173 0.0
-1.7296303510665894 0.6659744381904602 0.0
-1.727896809577942 0.7002710103988647 0.0
-1.7312512397766113 0.7371630072593689 0.0
-1.7360637187957764 0.7753785848617554 0.0
-1.7298487424850464 0.8092076182365417 0.0
-1.732431411743164 0.8476805686950684 0.0
-1.7372106313705444 0.8880321979522705 0.0
-1.7407950162887573 0.9286440014839172 0.0
-1.7326793670654297 0.9636408686637878 0.0
-1.7267078161239624 1.0002809762954712 0.0
-1.7314950227737427 1.0439472198486328 0.0
-1.7278180122375488 1.083406925201416 0.0
-1.7374155521392822 1.1322633028030396 0.0
-1.737943410873413 1.1764475107192993 0.0
-1.7343775033950806 1.218833088874817 0.0
-1.7416003942489624 1.2700154781341553 0.0
-1.739201307296753 1.3154995441436768 0.0
-1.7391730546951294 1.3639785051345825 0.0
-1.7402703762054443 1.414720892906189 0.0
-1.7293410301208496 1.4568357467651367 0.0
-1.7311676740646362 1.5109561681747437 0.0
-1.7432135343551636 1.5760599374771118 0.0
-1.7339839935302734 1.623763084411621 0.0
-1.7423722743988037 1.6898139715194702 0.0
-1.7511632442474365 1.7588492631912231 0.0
-1.7583847045898438 1.829035997390747 0.0
-1.765565276145935 1.9020392894744873 0.0
-1.7832272052764893 1.9898004531860352 0.0
-1.7547082901000977 2.0283071994781494 0.0
-1.771991491317749 2.1222407817840576 0.0
-1.7844301462173462 2.2148020267486572 0.0
-1.7578980922698975 2.2617783546447754 0.0
-1.7806506156921387 2.3757240772247314 0.0
-1.7630306482315063 2.440058469772339 0.0
-1.7873262166976929 2.5671586990356445 0.0
-1.7703362703323364 2.64011812210083 0.0
-1.8019376993179321 2.7916576862335205 0.0
-1.7894474267959595 2.8817760944366455 0.0
-1.763872742652893 2.954753875732422 0.0
-inf inf nan
-inf inf nan
-inf inf nan
-inf inf nan
-inf inf nan
-inf inf nan
-inf inf nan
-inf inf nan
-inf inf nan
-inf inf nan
-inf inf nan
-inf inf nan
-inf inf nan
-inf inf nan
-inf inf nan
-inf inf nan
-inf inf nan
-inf inf nan
-inf inf nan
-inf inf nan
-inf inf nan
-inf inf nan
-inf inf nan
-inf inf nan
-inf inf nan
-inf inf nan
-inf inf nan
-inf inf nan
-inf inf nan
-inf inf nan
inf inf nan
inf inf nan
inf inf nan
inf inf nan
inf inf nan
inf inf nan
inf inf nan
inf inf nan
inf inf nan
inf inf nan
inf inf nan
inf inf nan
inf inf nan
inf inf nan
inf inf nan
inf inf nan
inf inf nan
inf inf nan
inf inf nan
inf inf nan
0.5175036191940308 1.3985090255737305 0.0
0.46000126004219055 1.1792795658111572 0.0
0.3947145640850067 0.9618380665779114 0.0
0.4140264689922333 0.9606747031211853 0.0
0.4342634081840515 0.9609994888305664 0.0
0.44964319467544556 0.9503520727157593 0.0
0.46926769614219666 0.9485250115394592 0.0
0.48817178606987 0.944765031337738 0.0
0.5089149475097656 0.9440227746963501 0.0
0.5234853029251099 0.931638240814209 0.0
0.5368372797966003 0.9174252152442932 0.0
0.5589730143547058 0.9180096387863159 0.0
0.5762792229652405 0.9101802706718445 0.0
0.5998677611351013 0.9117311239242554 0.0
0.6205851435661316 0.9081953763961792 0.0
0.6360968351364136 0.8967899680137634 0.0
0.6623420715332031 0.8999887108802795 0.0
0.6792527437210083 0.8899118304252625 0.0
0.7011246085166931 0.8859772682189941 0.0
0.7214258909225464 0.8795490264892578 0.0
0.7319940328598022 0.86124187707901 0.0
0.7566065788269043 0.8592609167098999 0.0
0.7880375385284424 0.8639880418777466 0.0
0.8007504343986511 0.847643256187439 0.0
0.8305395841598511 0.8489101529121399 0.0
0.850306510925293 0.8392165303230286 0.0
0.8788986206054688 0.8375821709632874 0.0
0.9066095948219299 0.834206223487854 0.0
inf inf nan
inf inf nan
inf inf nan
inf inf nan
inf inf nan
inf inf nan
inf inf nan
inf inf nan
inf inf nan
inf inf nan
inf inf nan
inf inf nan
inf inf nan
inf inf nan
inf inf nan
inf inf nan
inf inf nan
inf inf nan
inf inf nan
inf inf nan
inf inf nan
inf inf nan
inf inf nan
inf inf nan
inf inf nan
inf inf nan
inf inf nan
inf inf nan
inf inf nan
inf inf nan
inf inf nan
inf inf nan
inf inf nan
inf inf nan
inf inf nan
inf inf nan
inf inf nan
inf inf nan
inf inf nan
inf inf nan
inf inf nan
inf inf nan
inf -inf nan
inf -inf nan
inf -inf nan
inf -inf nan
inf -inf nan
inf -inf nan
inf -inf nan
inf -inf nan
inf -inf nan
inf -inf nan
inf -inf nan
inf -inf nan
inf -inf nan
inf -inf nan
inf -inf nan
inf -inf nan
inf -inf nan
inf -inf nan
inf -inf nan
inf -inf nan
inf -inf nan
inf -inf nan
inf -inf nan
inf -inf nan
inf -inf nan
inf -inf nan
inf -inf nan
inf -inf nan
inf -inf nan
inf -inf nan
inf -inf nan
inf -inf nan
inf -inf nan
inf -inf nan
inf -inf nan
inf -inf nan
inf -inf nan
inf -inf nan
inf -inf nan
inf -inf nan
inf -inf nan
inf -inf nan
inf -inf nan
inf -inf nan
inf -inf nan
inf -inf nan
inf -inf nan
inf -inf nan
inf -inf nan
inf -inf nan
inf -inf nan
inf -inf nan
inf -inf nan
inf -inf nan
inf -inf nan
inf -inf nan
inf -inf nan
inf -inf nan
inf -inf nan
inf -inf nan
inf -inf nan
inf -inf nan
inf -inf nan
inf -inf nan
inf -inf nan
inf -inf nan
inf -inf nan
inf -inf nan
inf -inf nan
inf -inf nan
inf -inf nan
inf -inf nan
inf -inf nan
inf -inf nan
inf -inf nan
inf -inf nan
inf -inf nan
inf -inf nan
inf -inf nan
inf -inf nan
inf -inf nan
inf -inf nan
inf -inf nan
inf -inf nan
inf -inf nan
inf -inf nan
inf -inf nan
inf -inf nan
inf -inf nan
inf -inf nan
-inf -inf nan
-inf -inf nan
-inf -inf nan
-inf -inf nan
-inf -inf nan
-inf -inf nan
-inf -inf nan
-inf -inf nan
-inf -inf nan
-inf -inf nan
-inf -inf nan
-inf -inf nan
-inf -inf nan
-inf -inf nan
-inf -inf nan
-inf -inf nan
-inf -inf nan
-inf -inf nan
-inf -inf nan
-inf -inf nan
-inf -inf nan
-inf -inf nan
-inf -inf nan
-inf -inf nan
-inf -inf nan
-inf -inf nan
-inf -inf nan
-inf -inf nan
-inf -inf nan
-inf -inf nan
-1.763654351234436 -2.95438814163208 0.0
-1.783185601234436 -2.8716917037963867 0.0
-1.7979193925857544 -2.7854323387145996 0.0
-1.772557258605957 -2.643430233001709 0.0
-1.7918286323547363 -2.5736258029937744 0.0
-1.7632975578308105 -2.440427780151367 0.0
-1.7891021966934204 -2.38700008392334 0.0
-1.766139268875122 -2.2723817825317383 0.0
-1.7882784605026245 -2.219578504562378 0.0
-1.7722398042678833 -2.1225380897521973 0.0
-1.7488874197006226 -2.021578788757324 0.0
-1.7750005722045898 -1.9806208610534668 0.0
-1.7753806114196777 -1.9126133918762207 0.0
-1.758791208267212 -1.8294588327407837 0.0
-1.7612248659133911 -1.7689549922943115 0.0
-1.7332935333251953 -1.68100905418396 0.0
-1.7348036766052246 -1.6245306730270386 0.0
-1.7338594198226929 -1.5676028728485107 0.0
-1.7419136762619019 -1.5203351974487305 0.0
-1.7376654148101807 -1.463848352432251 0.0
-1.7416244745254517 -1.4158216714859009 0.0
-1.7361533641815186 -1.3616102933883667 0.0
-1.730380892753601 -1.3088279962539673 0.0
-1.732292652130127 -1.2632280588150024 0.0
-1.7361865043640137 -1.2201043367385864 0.0
-1.7338323593139648 -1.1736646890640259 0.0
-1.736618995666504 -1.131744146347046 0.0
-1.7369343042373657 -1.089123249053955 0.0
-1.7446651458740234 -1.0518877506256104 0.0
-1.7302623987197876 -1.0023401975631714 0.0
-1.7339473962783813 -0.9643460512161255 0.0
-1.7560510635375977 -0.9367824792861938 0.0
-1.731690764427185 -0.8852105736732483 0.0
-1.7315326929092407 -0.8472408056259155 0.0
-1.7358189821243286 -0.8120004534721375 0.0
-1.7373933792114258 -0.7759724259376526 0.0
-1.7351593971252441 -0.738827109336853 0.0
-1.7329727411270142 -0.7023281455039978 0.0
-1.735419511795044 -0.6682034134864807 0.0
-1.736657738685608 -0.6340093612670898 0.0
-1.7294502258300781 -0.5972895622253418 0.0
-1.7293494939804077 -0.5635778903961182 0.0
-1.7234563827514648 -0.5284759402275085 0.0
-1.7298420667648315 -0.49748530983924866 0.0
-1.733040690422058 -0.46572616696357727 0.0
-1.7316763401031494 -0.4330120086669922 0.0
-1.7259125709533691 -0.3996118903160095 0.0
-1.7253485918045044 -0.3677907884120941 0.0
-1.7224111557006836 -0.33576327562332153 0.0
-1.7229171991348267 -0.3046649694442749 0.0
-1.7269823551177979 -0.2743062376976013 0.0
-1.7252730131149292 -0.24316006898880005 0.0
-1.7271935939788818 -0.2126738429069519 0.0
-1.7282228469848633 -0.1821577250957489 0.0
-1.72693932056427 -0.15151511132717133 0.0
-1.726977825164795 -0.12110403925180435 0.0
-1.7168731689453125 -0.09023309499025345 0.0
-1.7230939865112305 -0.060344040393829346 0.0
-1.7223340272903442 -0.03015175834298134 0.0
-1.724440097808838 -4.575956609187415e-06 0.0
